pos	reads_all	mismatches	deletions	insertions
280	8045	48	19	9
281	8045	50	16	5
282	8049	505	33	65
283	8042	155	115	62
284	8048	104	864	241
296	8039	1883	1308	50
298	8047	769	1345	12
299	8043	728	1053	60
300	8049	862	468	64
301	8050	1395	516	51
304	8051	1492	1248	63
305	8048	1054	1641	36
311	8051	1479	1558	90
312	8051	1766	1556	159
313	8054	1337	1687	66
320	8052	584	1194	18
321	8059	748	839	53
322	8053	451	315	243
323	8054	996	315	78
324	8052	667	508	49
328	8059	983	2163	197
332	8057	1619	1066	88
333	8053	949	868	25
334	8057	544	675	6
335	8054	259	459	26
336	8061	367	423	3
337	8056	471	58	7
338	8061	62	29	5
339	8062	48	14	3
340	8061	146	16	4
341	8059	192	2	4
